0.00    0.00    0.00    59.00   0.00    18.00  
0.00    0.00    0.00    59.00   0.00    18.00
0.00    0.00    0.00    9.00    0.00    15.00  
0.00    0.00    0.00    8.00    0.00    15.00  
0.00    0.00    0.00    8.00    0.00    15.00  
0.00    0.00    0.00    8.00    0.00    15.00  
0.00    0.00    0.00    8.00    0.00    15.00  
0.00    0.00    0.00    9.00    0.00    15.00  
0.00    0.00    0.00    6.00    0.00    14.00  
0.00    0.00    0.00    9.00    0.00    14.00  
0.00    0.00    0.00    8.00    0.00    14.00  
0.00    0.00    0.00    9.00    0.00    14.00  
0.00    0.00    0.00    7.00    0.00    14.00
1.00    0.00    0.00    0.00    0.00    17.00  
1.00    0.00    0.00    0.00    0.00    17.00  
0.00    0.00    0.00    0.00    0.00    17.00  
0.00    0.00    0.00    0.00    0.00    17.00  
2.00    0.00    0.00    0.00    0.00    17.00  
0.00    0.00    0.00    1.00    0.00    17.00  
0.00    0.00    0.00    0.00    0.00    17.00  
0.00    0.00    0.00    1.00    0.00    17.00  
0.00    0.00    0.00    1.00    0.00    17.00  
0.00    0.00    0.00    0.00    0.00    17.00  
0.00    0.00    0.00    0.00    0.00    17.00  
0.00    0.00    0.00    2.00    0.00    17.00  
0.00    0.00    0.00    0.00    0.00    17.00



